none
none
920, 478, 956, 516
146, 544, 198, 578
none
none
none
124, 522, 144, 560
156, 528, 172, 548
none
none
none
none
none
966, 582, 986, 628
none
184, 570, 248, 634
138, 528, 192, 570
122, 606, 170, 648
128, 614, 152, 665
none
none
none
162, 658, 206, 686
none
none
none
134, 572, 202, 628
212, 428, 242, 460
162, 722, 218, 760
934, 594, 992, 650
none
none
124, 518, 150, 568
none
116, 670, 166, 720
232, 562, 258, 588
none
928, 462, 972, 500
none
none
130, 498, 168, 546
114, 592, 152, 654
none
138, 482, 208, 566
906, 582, 976, 662
none
898, 546, 964, 592
none
914, 500, 980, 576
104, 542, 164, 598
none
none
none
114, 690, 174, 738
none
none
none
894, 526, 964, 578
none
944, 546, 1000, 590
none
940, 524, 980, 568
98, 490, 202, 546
none
860, 304, 952, 338
892, 528, 946, 580
110, 548, 140, 590
none
none
none
104, 540, 166, 670
none
118, 608, 178, 662
108, 540, 176, 636
none
none
none
none
none
